3.631258732578552806e-01 3.346553804082031958e-01
8.160079057554560089e-01 7.438728892782578983e-01
1.216220828630950601e-01 3.285982979278624372e-01
7.693852175951318983e-01 5.224669238425323492e-01
9.654523276150677180e-01 5.328565420092968852e-01
5.923767440567540010e-02 8.541957529541024385e-01
9.704450968878153283e-02 6.623295962114295055e-01
5.894356652730915469e-01 6.220122279197127790e-01
4.407468754649047638e-01 4.531146983504167336e-01
5.456119133996262249e-01 7.988536778208131794e-01
9.989196191660112412e-01 1.202273536009133004e-01
7.261856845035683516e-01 2.884127058838928948e-01
6.172190702665489859e-01 8.737551504163012517e-01
2.092375337319877238e-01 6.740661886737274733e-01
5.500567430831860838e-01 1.353117004569830417e-01
3.256984152503981100e-01 9.537718228138346577e-01
8.430285192385937876e-01 6.330745066499512408e-01
2.457284147510540029e-01 6.648471853302232448e-01
1.725214888727764073e-01 3.680990544567990241e-01
2.915262436772018129e-01 7.931394126422141033e-01
1.444401892060448445e-01 1.643771857871789699e-03
2.692660393055001933e-01 1.840634619039083208e-01
1.086200953038033434e-01 2.999039775886952475e-01
8.417450823736091214e-01 6.248731009675312364e-02
8.447507385774455368e-02 6.485677449538387318e-01
4.191505372571943111e-01 1.251379886121606333e-01
6.089196966244792009e-01 4.001894910138609207e-01
2.857286111363410708e-01 5.933339756144393462e-01
6.247140161177936468e-01 8.241438818352256890e-01
7.456335449689410755e-01 4.129996926825216796e-01
7.325855119720187103e-01 7.423767709787825186e-01
3.350815056554361515e-01 6.255744020350362256e-01
3.215286916101375292e-01 8.346164807364422344e-01
2.235802621757680964e-01 4.405111540594783825e-01
3.278993348409742214e-02 8.677496139730830338e-01
1.630548505698559136e-02 9.417627575261812156e-01
4.843438559954763578e-01 7.925863441751959115e-01
9.992109099506828462e-01 5.188404704203449791e-01
6.721616165708054202e-01 7.839501335624963207e-01
2.512768278524549759e-01 6.241051541008181269e-01
3.194722669835549089e-01 4.297959124711353551e-01
3.557685215298267423e-01 6.401436112774380183e-01
9.822555414367142301e-01 4.831952828927633670e-01
7.825036753941215784e-01 2.554851433925231508e-01
4.818391318155272884e-01 1.765525204525185687e-01
5.301103382053484747e-01 7.238893207936427654e-01
7.884949328661824408e-01 2.258396813299212713e-02
1.121692263042636251e-01 1.860240580620500239e-01
2.918225752607757073e-01 3.607398991548393941e-01
5.341939548446776875e-01 3.135404184041709064e-01
1.924012996341166737e-01 2.828708289701120648e-01
3.239478502791715009e-03 4.411800792300742957e-01
1.519281699643837413e-02 6.194670534579901355e-01
4.369258504361944739e-01 2.942902049818689747e-01
8.309757017569132653e-01 8.464328775367984115e-01
4.788439093467000696e-02 2.077938405491429608e-01
4.556345360238129860e-01 1.605512027732327596e-01
5.200808079724964506e-01 5.043344423287244860e-01
8.236559271317075437e-01 1.698193001188245121e-01
9.628500016961353269e-01 6.267757189849649802e-01
1.302267040441009716e-01 2.519627842630509651e-01
1.386572589168372227e-01 3.337046293851626544e-01
2.498510952893869819e-01 5.396585068523855888e-01
1.037384603135734773e-01 2.510002474148864682e-02
2.534303499868616472e-01 9.303460381067149010e-01
3.775869405598036854e-01 2.334721631647440621e-01
7.118305344643686139e-01 9.487234447349716104e-01
4.367024775130262659e-01 8.310651573137523007e-01
6.226213951487613585e-02 7.074797005869385425e-01
9.007504417902180149e-01 7.977692022862643562e-01
5.355127792741374293e-01 8.424049281422586466e-01
8.406444253082291374e-01 7.079083624368593952e-01
6.521621441385556661e-01 5.435667692406868090e-01
6.235195382405529507e-01 7.645169380660481462e-01
6.345306649681278222e-01 7.451108680226914416e-01
1.749338502635862103e-01 1.251928509757403996e-01
1.082044584169462587e-01 8.425920914047732024e-01
8.447181908958908414e-01 1.648677311200471562e-01
6.345606279762462387e-01 4.261690567448572775e-01
9.704305475082324328e-01 6.744877286904111813e-01
1.576215036046613172e-01 7.329207297950209865e-01
6.426612602713158706e-01 8.011233613192285663e-01
5.536178986767247290e-01 6.223743742351648400e-01
4.651076364208797109e-01 9.987679785034757618e-01
8.292375704262718861e-01 5.289811966828877887e-01
4.489011739256335565e-01 9.632594706046939681e-01
2.874886551556153913e-01 3.458704472571572097e-03
6.848177247606709317e-01 7.290805517914540346e-01
1.371930017120390755e-01 4.134411636009593938e-02
7.652465075119244675e-01 7.667609851727736903e-01
1.284822245544511299e-01 2.859886915720410983e-02
9.094810379535465117e-01 5.167713545343208814e-01
2.076599142971832235e-01 6.982277194155361855e-02
9.300546869468540034e-01 3.389401975048533799e-01
8.132285105518745061e-01 6.843206106121333399e-01
2.329701177727941941e-01 7.246866837790196803e-01
9.606780190559925936e-01 1.041575947992605666e-01
1.459689215305053356e-01 7.163714102743468093e-01
8.231150466161049062e-01 8.726380663946983196e-01
7.828677707992939272e-01 4.553308641960071013e-01
