-13507.3132
-13507.2563
-13507.0267
-13506.6487
-13506.1738
-13505.6671
-13505.2015
-13504.8440
-13504.6102
-13504.4559
-13504.2935
-13504.0404
-13503.6652
-13503.1927
-13502.7008
-13502.2859
-13502.0051
-13501.8458
-13501.7529
-13501.6581
-13501.5164
-13501.3238
-13501.1095
-13500.9179
-13500.7909
-13500.7548
-13500.8132
-13500.9465
-13501.1159
-13501.2726
-13501.3688
-13501.3724
-13501.2796
-13501.1215
-13500.9549
-13500.8396
-13500.8057
-13500.8362
-13500.8797
-13500.8798
-13500.8038
-13500.6529
-13500.4574
-13500.2611
-13500.1048
-13500.0155
-13500.0016
-13500.0370
-13500.0745
-13500.0670
-13499.9819
-13499.8162
-13499.6012
-13499.3981
-13499.2766
-13499.2788
-13499.3985
-13499.5838
-13499.7629
-13499.8787
-13499.9068
-13499.8580
-13499.7650
-13499.6597
-13499.5756
-13499.5382
-13499.5569
-13499.6213
-13499.7043
-13499.7680
-13499.7756
-13499.7071
-13499.5734
-13499.4177
-13499.2982
-13499.2568
-13499.2970
-13499.3842
-13499.4695
-13499.5139
-13499.5002
-13499.4337
-13499.3354
-13499.2348
-13499.1608
-13499.1336
-13499.1586
-13499.2225
-13499.2939
-13499.3292
-13499.2865
-13499.1434
-13498.9069
-13498.5997
-13498.2626
-13497.9247
-13497.5934
-13497.2611
-13497.0091
-13496.7665
-13496.4726
-13496.1221
-13495.7151
-13495.2585
-13494.7665
-13494.2569
-13493.7421
-13493.2307
-13492.7426
-13492.3889
-13492.1841
-13491.9893
-13491.7743
-13491.5464
-13491.3105
-13491.1640
-13491.5919
-13491.9657
-13492.2517
-13492.4356
-13492.5221
-13492.5307
-13492.4892
-13492.3963
-13492.2800
-13492.1566
-13492.0337
-13491.8924
-13491.6985
-13491.5892
-13491.8385
-13492.0294
-13492.1056
-13491.9529
-13491.3771
-13490.3759
-13489.7346
-13489.7347
-13490.3681
-13491.3217
-13493.2288
-13495.3011
-13496.6582
-13496.7426
-13495.9170
-13495.2865
-13496.2779
-13498.1565
-13500.7217
-13503.7788
-13506.3289
-13507.1728
-13506.2633
-13504.2810
-13501.9667
-13499.7433
-13497.7943
-13496.1563
-13494.8067
-13493.7093
-13492.9470
-13492.6612
-13493.0448
-13494.1214
-13495.7007
-13497.4655
-13498.9406
-13499.4930
-13498.3590
-13495.9783
-13493.3457
-13491.5339
-13490.8113
-13491.1782
-13492.5295
-13493.7128
-13494.0347
-13493.5372
-13492.2881
-13490.5576
-13488.7537
-13487.1926
-13486.0454
-13485.3828
-13485.4589
-13486.1274
-13487.0845
-13488.3314
-13489.9320
-13491.8305
-13493.8271
-13495.4950
-13496.1552
-13495.2076
-13493.0304
-13491.8265
-13491.5153
-13491.7410
-13492.4354
-13494.3315
-13499.9817
-13513.6406
-13523.4103
