58.0952
58.0351
57.8066
57.4318
56.9608
56.4584
55.9975
55.6411
55.4044
55.2441
55.0761
54.8212
54.4474
53.9806
53.4943
53.0826
52.8010
52.6381
52.5408
52.4432
52.3014
52.1108
51.8995
51.7106
51.5852
51.5493
51.6065
51.7373
51.9036
52.0572
52.1514
52.1545
52.0636
51.9091
51.7465
51.6333
51.5982
51.6254
51.6652
51.6634
51.5876
51.4389
51.2462
51.0525
50.8979
50.8091
50.7938
50.8267
50.8609
50.8513
50.7660
50.6022
50.3911
50.1926
50.0737
50.0754
50.1916
50.3723
50.5478
50.6625
50.6911
50.6448
50.5537
50.4506
50.3682
50.3315
50.3494
50.4121
50.4926
50.5538
50.5600
50.4920
50.3610
50.2091
50.0923
50.0511
50.0890
50.1731
50.2560
50.2995
50.2862
50.2211
50.1247
50.0258
49.9530
49.9262
49.9502
50.0121
50.0807
50.1131
50.0687
49.9261
49.6896
49.3850
49.0497
48.7122
48.3805
48.0481
47.7726
47.5293
47.2348
46.8841
46.4772
46.0211
45.5300
45.0209
44.5057
43.9947
43.5162
43.1672
42.9488
42.7517
42.5366
42.3085
42.0717
42.1722
42.5969
42.9687
43.2542
43.4387
43.5269
43.5377
43.4967
43.4098
43.2920
43.1698
43.0459
42.9022
42.7063
42.7222
42.9698
43.1557
43.2219
43.0478
42.4711
41.5165
40.7985
40.8107
41.4222
42.3633
43.9717
46.0153
47.3291
47.3983
46.5999
46.2901
47.2392
49.1093
51.6774
54.6769
57.1318
57.9797
57.1182
55.1962
52.9117
50.7009
48.7540
47.1139
45.7620
44.6773
43.9181
43.6469
44.0351
45.0954
46.6543
48.3902
49.8218
50.3129
49.1496
46.7438
44.2170
42.4202
41.6920
42.0596
43.3028
44.4422
44.7793
44.2889
43.0658
41.3690
39.5905
38.0432
36.9022
36.2394
36.2807
36.9462
37.9053
39.1705
40.7671
42.6522
44.6188
46.2359
46.8437
45.9125
43.8545
42.5128
42.2271
42.3981
43.1270
45.1647
51.1624
63.6372
73.0270
