  0.0000000000000000  0.0000000000000000  0.0000000000000000 
  0.0000000000000000  0.0000000000000000  0.0000000000000000 
  0.0000000000000000  0.0000000000000000  0.0000000000000000 
  0.0000000000000000  0.0000000000000000  0.0000000000000000 
 -0.0000100178033005  0.0000899504905973  0.0000352359012826 
 -0.0000910045762607 -0.0000938851533230  0.0002734388197857 
  0.0001692726345483 -0.0003038161074736  0.0002811366352840 
  0.0003857781302350  0.0004797383882911  0.0002059233266526 
  0.0000000000000000  0.0000000000000000  0.0000000000000000 
  0.0000000000000000  0.0000000000000000  0.0000000000000000 
  0.0000000000000000  0.0000000000000000  0.0000000000000000 
  0.0000000000000000  0.0000000000000000  0.0000000000000000 
 -0.0000139761058336 -0.0007626275318894 -0.0001711414780739 
  0.0000767928389776  0.0000272916243729 -0.0007249071108406 
  0.0003819618818607  0.0007072679476149 -0.0001426678224442 
  0.0005500510215948 -0.0000069357582789 -0.0003711225365338 
 -0.0006581719631286  0.0001767232430571  0.0000621820254159 
  0.0004031633771315 -0.0006439082398367  0.0002411629275752 
 -0.0005631992520892 -0.0000660227075056 -0.0000516738988658 
  0.0005738197716708  0.0003305736277352 -0.0000145320565603 
 -0.0001392015736602  0.0006414971793845  0.0003442019368181 
  0.0000441951345465  0.0003811783820141  0.0004311172659142 
 -0.0001901047179168  0.0000497254479732  0.0001843212966072 
 -0.0003364804115633  0.0008378413735493 -0.0007134389396581 
 -0.0000031503669474  0.0000909494339104 -0.0002757084584716 
 -0.0003894520610874 -0.0004466616963677 -0.0002224812365494 
 -0.0005447365203604 -0.0001656619964998 -0.0000920048739723 
 -0.0002894770275864 -0.0004974482160444 -0.0002149682641053 
 -0.0001279669257901  0.0002484463682866  0.0005478117974157 
  0.0006226927775881  0.0004952068983767  0.0000881585153940 
  0.0000231714056071 -0.0001578378436970  0.0001895506409258 
 -0.0001042686588776 -0.0002347097261246  0.0002492952298881 
